2.383,2.3067,2.253,3.5189,3.6194,1.0951,1.0799,1.095,1.1308,1.1521,0.84654,0.85158,0.85404,0.86602,0.87932,0.67372,0.69548,0.69572,0.69579,0.71362,2.5001,2.526,2.562,2.5654,2.5256,1.7678,1.7709,1.783,1.7408,1.6725,1.4834,1.4988,1.5262,1.5582,1.6216,1.6695,1.7122,1.7367,1.7593,1.7894,1.3405,1.342,1.3541,1.3422,1.3307,0.60931,0.59277,0.57438,0.55733,0.54773,0.53503,0.51482,0.49817,0.49071,0.48905,0.48243,0.48161,0.48872,0.50225,0.52546,0.55442,0.51319,0.45231,0.44135,0.42573,0.39563,0.36313,0.35633,0.36053,0.35486,0.34336,0.3308,0.31818,0.30197,0.2904,0.28234,0.27659,0.26625,0.25073,0.23368,0.21745,0.20584,0.19219,0.17572,0.16121,0.14898,0.14024,0.12513,0.097915,0.070196,0.070196,0.070196,0.070196,0.070196,0.070196,0.070196,0.070196,0.070196,0.070196,0.070196,0.070196
2.3067,2.2268,2.1739,3.4109,3.5094,1.0549,1.0471,1.0636,1.0847,1.1102,0.81273,0.82605,0.82605,0.83129,0.85206,0.64799,0.67025,0.67428,0.67179,0.68456,2.4152,2.4257,2.48,2.4671,2.4292,1.707,1.6997,1.7272,1.6729,1.5951,1.4346,1.4419,1.4779,1.5158,1.5738,1.5955,1.6565,1.6769,1.6944,1.7345,1.2903,1.3006,1.2975,1.3022,1.2825,0.58746,0.57163,0.5542,0.53737,0.52833,0.51603,0.49668,0.4806,0.47325,0.47149,0.46524,0.46455,0.47127,0.48439,0.50661,0.5346,0.49488,0.43622,0.42567,0.41058,0.38154,0.3502,0.34364,0.3477,0.34222,0.33113,0.31903,0.30685,0.29122,0.28006,0.27229,0.26674,0.25677,0.2418,0.22536,0.20971,0.19851,0.18534,0.16946,0.15547,0.14368,0.13525,0.12068,0.094429,0.067696,0.067696,0.067696,0.067696,0.067696,0.067696,0.067696,0.067696,0.067696,0.067696,0.067696,0.067696
2.253,2.1739,2.1129,3.3231,3.4074,1.0299,1.0124,1.0322,1.0618,1.0763,0.79013,0.79877,0.79958,0.81314,0.83262,0.6285,0.64963,0.65495,0.65309,0.66981,2.3389,2.3659,2.4166,2.4108,2.3838,1.6706,1.6583,1.6741,1.6363,1.5628,1.3958,1.3961,1.4365,1.4775,1.5286,1.5591,1.6121,1.6234,1.6477,1.6703,1.2514,1.273,1.2784,1.2687,1.2481,0.57227,0.55693,0.53968,0.52344,0.51452,0.50254,0.48357,0.46803,0.46087,0.45945,0.45316,0.45233,0.45929,0.47179,0.49345,0.5208,0.48206,0.42484,0.4146,0.3999,0.37164,0.3411,0.33472,0.33866,0.33333,0.32253,0.31074,0.29888,0.28366,0.27279,0.26522,0.25981,0.2501,0.23552,0.2195,0.20426,0.19336,0.18053,0.16506,0.15143,0.13995,0.13173,0.11754,0.091976,0.065938,0.065938,0.065938,0.065938,0.065938,0.065938,0.065938,0.065938,0.065938,0.065938,0.065938,0.065938
3.5189,3.4109,3.3231,34.911,38.407,1.0071,0.99545,1.0153,1.0407,1.0625,0.77872,0.78751,0.78434,0.79852,0.81384,0.62056,0.63581,0.64161,0.64362,0.65911,2.3327,2.3441,2.4001,2.4027,2.356,1.7372,1.7517,1.7765,1.7262,1.6533,1.4531,1.4622,1.4904,1.5383,1.585,1.5842,1.6527,1.6717,1.6856,1.7187,1.2978,1.3081,1.3066,1.3057,1.2885,0.61879,0.60681,0.59015,0.57206,0.55895,0.58289,0.5599,0.5382,0.53168,0.52832,0.51659,0.51134,0.51642,0.52895,0.54784,0.5242,0.48373,0.42527,0.41368,0.39819,0.36488,0.33493,0.32866,0.33248,0.32731,0.31664,0.30507,0.29343,0.27848,0.26781,0.26037,0.25507,0.24554,0.23122,0.21549,0.20053,0.18983,0.17723,0.16204,0.14866,0.13739,0.12933,0.1154,0.090297,0.064734,0.064734,0.064734,0.064734,0.064734,0.064734,0.064734,0.064734,0.064734,0.064734,0.064734,0.064734
3.6194,3.5094,3.4074,38.407,42.203,0.99001,0.97481,0.99222,1.013,1.035,0.75856,0.76982,0.77222,0.78018,0.79647,0.6054,0.62481,0.62743,0.62766,0.6471,2.2909,2.3147,2.3577,2.3565,2.3224,1.7252,1.7239,1.7432,1.6994,1.6241,1.4344,1.4409,1.4658,1.5231,1.5691,1.5649,1.6237,1.6351,1.6537,1.6843,1.2711,1.2941,1.2895,1.2782,1.2574,0.61242,0.60289,0.58502,0.56774,0.55293,0.58297,0.55944,0.53729,0.5314,0.52714,0.5146,0.50948,0.51422,0.52613,0.54536,0.51418,0.47529,0.41703,0.40559,0.39041,0.35707,0.32775,0.3216,0.32534,0.32028,0.30984,0.29851,0.28712,0.27249,0.26205,0.25478,0.24959,0.24026,0.22625,0.21086,0.19622,0.18575,0.17342,0.15856,0.14547,0.13444,0.12655,0.11292,0.088356,0.063343,0.063343,0.063343,0.063343,0.063343,0.063343,0.063343,0.063343,0.063343,0.063343,0.063343,0.063343
1.0951,1.0549,1.0299,1.0071,0.99001,15.341,15.103,15.37,15.722,16.105,15.639,1.1253,1.1195,1.1357,1.1556,0.7857,0.81507,0.81791,0.81388,0.83615,0.59507,0.60417,0.62504,0.62326,0.61392,1.7104,1.7146,1.7343,1.6883,1.6115,1.5033,1.4998,1.5534,1.5729,1.6391,1.5263,1.5862,1.5909,1.613,1.6467,1.6256,1.6331,1.6496,1.6329,1.6113,1.3363,1.2893,1.2544,1.2162,1.1896,0.60254,0.57682,0.55783,0.54424,0.54168,0.52767,0.52062,0.52722,0.53378,0.55481,0.48974,0.44925,0.39536,0.38365,0.36966,0.33334,0.30599,0.30017,0.30375,0.2989,0.28913,0.27856,0.26793,0.25428,0.24454,0.23775,0.23291,0.2242,0.21113,0.19677,0.18311,0.17334,0.16184,0.14797,0.13575,0.12545,0.11809,0.10537,0.082452,0.05911,0.05911,0.05911,0.05911,0.05911,0.05911,0.05911,0.05911,0.05911,0.05911,0.05911,0.05911
1.0799,1.0471,1.0124,0.99545,0.97481,15.103,14.872,15.148,15.497,15.863,15.403,1.1014,1.1021,1.12,1.1367,0.78315,0.79981,0.80264,0.80648,0.82035,0.58719,0.59542,0.6121,0.61352,0.60607,1.6887,1.6985,1.7153,1.6548,1.6019,1.4789,1.4748,1.5154,1.5542,1.5982,1.5107,1.5515,1.5843,1.5839,1.624,1.5994,1.6102,1.6252,1.6153,1.5925,1.3165,1.2735,1.2351,1.1959,1.173,0.59361,0.56846,0.55004,0.53629,0.5342,0.52002,0.51314,0.51963,0.52612,0.54669,0.48273,0.4426,0.38946,0.37821,0.36424,0.32841,0.30146,0.29572,0.29925,0.29448,0.28486,0.27445,0.26398,0.25053,0.24093,0.23424,0.22947,0.2209,0.20802,0.19387,0.18041,0.17078,0.15945,0.14578,0.13375,0.1236,0.11635,0.10382,0.081235,0.058238,0.058238,0.058238,0.058238,0.058238,0.058238,0.058238,0.058238,0.058238,0.058238,0.058238,0.058238
1.095,1.0636,1.0322,1.0153,0.99222,15.37,15.148,15.409,15.762,16.146,15.684,1.1241,1.1182,1.1415,1.1621,0.78821,0.80988,0.81784,0.81664,0.83868,0.59528,0.60624,0.62472,0.62596,0.61827,1.7247,1.724,1.7449,1.6878,1.624,1.4954,1.4963,1.5441,1.586,1.6382,1.5385,1.5875,1.6059,1.6148,1.6521,1.6248,1.6367,1.6481,1.6376,1.6177,1.3425,1.2933,1.2592,1.2258,1.1981,0.60399,0.57842,0.55947,0.54592,0.54337,0.52969,0.52239,0.52868,0.53579,0.55627,0.49131,0.45046,0.3964,0.38476,0.37075,0.33423,0.30682,0.30096,0.30457,0.29971,0.28991,0.27932,0.26866,0.25497,0.2452,0.2384,0.23354,0.22481,0.21171,0.19731,0.18361,0.1738,0.16227,0.14837,0.13612,0.12579,0.11841,0.10566,0.082675,0.05927,0.05927,0.05927,0.05927,0.05927,0.05927,0.05927,0.05927,0.05927,0.05927,0.05927,0.05927
1.1308,1.0847,1.0618,1.0407,1.013,15.722,15.497,15.762,16.116,16.52,16.042,1.1395,1.1492,1.1619,1.1827,0.80898,0.83595,0.83684,0.83773,0.86115,0.60893,0.61978,0.63988,0.63985,0.63262,1.7649,1.7672,1.7736,1.7352,1.6567,1.5316,1.535,1.5802,1.6241,1.6757,1.5713,1.6204,1.6372,1.6591,1.6857,1.6666,1.6883,1.6881,1.6738,1.6526,1.3578,1.3323,1.2861,1.2481,1.2284,0.61831,0.5916,0.57219,0.55776,0.55631,0.54152,0.53473,0.54096,0.54739,0.5692,0.50267,0.46065,0.40543,0.3936,0.37916,0.34193,0.31388,0.3079,0.31157,0.3066,0.29658,0.28574,0.27484,0.26084,0.25084,0.24388,0.23891,0.22998,0.21658,0.20184,0.18783,0.1778,0.16601,0.15178,0.13925,0.12869,0.12114,0.10809,0.084577,0.060634,0.060634,0.060634,0.060634,0.060634,0.060634,0.060634,0.060634,0.060634,0.060634,0.060634,0.060634
1.1521,1.1102,1.0763,1.0625,1.035,16.105,15.863,16.146,16.52,16.919,16.432,1.1742,1.1703,1.1927,1.2171,0.8243,0.85628,0.85955,0.86169,0.87767,0.62523,0.6353,0.65652,0.65261,0.64329,1.804,1.8127,1.8239,1.7715,1.7,1.5675,1.5748,1.6213,1.6628,1.7185,1.6078,1.6655,1.6776,1.6909,1.7355,1.703,1.7189,1.7296,1.7186,1.6925,1.3914,1.362,1.3208,1.28,1.2537,0.63301,0.60579,0.5861,0.57222,0.56911,0.55469,0.54738,0.55405,0.56067,0.58295,0.51468,0.4719,0.41531,0.40313,0.38823,0.35018,0.32146,0.31533,0.3191,0.31401,0.30375,0.29265,0.28148,0.26714,0.25691,0.24977,0.24469,0.23554,0.22181,0.20672,0.19237,0.1821,0.17002,0.15545,0.14261,0.1318,0.12406,0.1107,0.086621,0.062099,0.062099,0.062099,0.062099,0.062099,0.062099,0.062099,0.062099,0.062099,0.062099,0.062099,0.062099
0.84654,0.81273,0.79013,0.77872,0.75856,15.639,15.403,15.684,16.042,16.432,16.994,1.5442,1.5461,1.5672,1.598,1.1418,1.1776,1.1775,1.1751,1.1968,0.7211,0.73539,0.75047,0.75633,0.7411,0.73339,0.73734,0.74291,0.7242,0.6941,1.6086,1.6273,1.6698,1.7105,1.7794,1.6997,1.7678,1.7846,1.7998,1.8361,1.7549,1.7645,1.7803,1.774,1.7429,1.6867,1.6195,1.5911,1.5316,1.5049,1.2222,1.1681,1.1361,1.1051,1.1032,0.55708,0.5499,0.55747,0.56331,0.58669,0.51575,0.47318,0.41613,0.40389,0.3889,0.35063,0.32184,0.3157,0.31946,0.31437,0.3041,0.29298,0.28181,0.26745,0.2572,0.25006,0.24497,0.23581,0.22207,0.20696,0.19259,0.18231,0.17022,0.15563,0.14278,0.13195,0.12421,0.11083,0.086721,0.062171,0.062171,0.062171,0.062171,0.062171,0.062171,0.062171,0.062171,0.062171,0.062171,0.062171,0.062171
0.85158,0.82605,0.79877,0.78751,0.76982,1.1253,1.1014,1.1241,1.1395,1.1742,1.5442,30.756,30.72,31.124,1.6095,1.1483,1.1808,1.1972,1.1868,1.2154,0.73287,0.74454,0.76725,0.76593,0.75526,0.78996,0.79416,0.79979,0.78824,0.75373,1.6939,1.7063,1.7569,1.7876,1.8629,1.7928,1.8547,1.8681,1.8892,1.926,1.8284,1.8476,1.8552,1.8584,1.8185,1.7667,1.7373,1.6789,1.6258,1.6007,1.3081,1.2526,1.2175,1.1979,1.1875,0.62196,0.61078,0.61319,0.61765,0.63853,0.56548,0.51365,0.44656,0.43178,0.41169,0.35806,0.32802,0.32202,0.32557,0.31975,0.3079,0.29664,0.28532,0.27079,0.26041,0.25319,0.24803,0.23876,0.22484,0.20954,0.195,0.18459,0.17234,0.15757,0.14456,0.1336,0.12576,0.11221,0.087804,0.062947,0.062947,0.062947,0.062947,0.062947,0.062947,0.062947,0.062947,0.062947,0.062947,0.062947,0.062947
0.85404,0.82605,0.79958,0.78434,0.77222,1.1195,1.1021,1.1182,1.1492,1.1703,1.5461,30.72,30.7,31.101,1.6127,1.154,1.1857,1.1942,1.1867,1.2114,0.73096,0.74051,0.76463,0.76471,0.75193,0.79087,0.79281,0.79963,0.78534,0.75264,1.6884,1.6999,1.7511,1.7927,1.8664,1.7912,1.8616,1.8678,1.8889,1.926,1.8326,1.8478,1.858,1.8423,1.8147,1.782,1.7355,1.6653,1.6163,1.6019,1.3041,1.2524,1.2185,1.1929,1.1853,0.62139,0.61034,0.61237,0.61742,0.63784,0.56503,0.51339,0.44634,0.43143,0.41142,0.35774,0.32775,0.32173,0.32529,0.31952,0.30766,0.29641,0.2851,0.27058,0.26021,0.25299,0.24783,0.23857,0.22466,0.20938,0.19484,0.18444,0.17221,0.15745,0.14445,0.13349,0.12566,0.11212,0.087735,0.062897,0.062897,0.062897,0.062897,0.062897,0.062897,0.062897,0.062897,0.062897,0.062897,0.062897,0.062897
0.86602,0.83129,0.81314,0.79852,0.78018,1.1357,1.12,1.1415,1.1619,1.1927,1.5672,31.124,31.101,31.508,1.6359,1.1595,1.1945,1.2008,1.2039,1.2305,0.74121,0.74882,0.77154,0.77701,0.7623,0.80096,0.80447,0.80873,0.79594,0.76469,1.7338,1.7265,1.7679,1.8108,1.8922,1.8139,1.8829,1.8952,1.9132,1.9487,1.8508,1.8672,1.8778,1.8673,1.8426,1.8018,1.7539,1.6979,1.6501,1.6109,1.3273,1.2648,1.2341,1.2066,1.1984,0.62974,0.61853,0.62064,0.62541,0.64626,0.57242,0.51999,0.45202,0.43718,0.41676,0.36246,0.33206,0.32597,0.32959,0.32368,0.3117,0.3003,0.28885,0.27413,0.26363,0.25631,0.25109,0.2417,0.22761,0.21213,0.1974,0.18686,0.17447,0.15951,0.14634,0.13525,0.12731,0.11359,0.088887,0.063724,0.063724,0.063724,0.063724,0.063724,0.063724,0.063724,0.063724,0.063724,0.063724,0.063724,0.063724
0.87932,0.85206,0.83262,0.81384,0.79647,1.1556,1.1367,1.1621,1.1827,1.2171,1.598,1.6095,1.6127,1.6359,24.475,24.225,24.946,19.022,1.2298,1.2495,0.77089,0.78168,0.80332,0.80742,0.79216,0.85398,0.86012,0.868,0.8473,0.8134,1.795,1.8038,1.8515,1.9139,1.9782,1.9363,2.0121,2.0234,2.0375,2.0854,1.9853,2.0007,2.0137,2.007,1.9781,1.9592,1.9024,1.8326,1.7776,1.7542,1.452,1.3893,1.3399,1.3202,1.3185,0.73236,0.71365,0.71265,0.72162,0.74135,0.68143,0.60382,0.51731,0.49493,0.46764,0.37608,0.34322,0.3359,0.34008,0.33305,0.3176,0.30599,0.29431,0.27932,0.26862,0.26116,0.25584,0.24628,0.23192,0.21615,0.20114,0.1904,0.17777,0.16253,0.14911,0.13781,0.12972,0.11575,0.09057,0.06493,0.06493,0.06493,0.06493,0.06493,0.06493,0.06493,0.06493,0.06493,0.06493,0.06493,0.06493
0.67372,0.64799,0.6285,0.62056,0.6054,0.7857,0.78315,0.78821,0.80898,0.8243,1.1418,1.1483,1.154,1.1595,24.225,25.464,26.218,20.097,1.7193,1.752,1.1354,1.1502,1.1756,1.1866,1.1572,1.1465,1.1517,1.161,1.1312,1.0916,0.932,0.93245,0.95608,0.98749,1.0253,1.9534,2.0243,2.0508,2.0562,2.1149,2.1435,2.1653,2.1578,2.158,2.1331,2.0246,1.9649,1.8903,1.8346,1.8045,1.7308,1.655,1.598,1.5617,1.5658,1.2954,1.266,1.2655,1.2963,1.3391,0.69725,0.61815,0.53005,0.50669,0.47913,0.38539,0.352,0.34437,0.34881,0.34143,0.32571,0.3138,0.30183,0.28645,0.27548,0.26783,0.26237,0.25257,0.23784,0.22166,0.20627,0.19526,0.18231,0.16668,0.15292,0.14132,0.13303,0.1187,0.092882,0.066587,0.066587,0.066587,0.066587,0.066587,0.066587,0.066587,0.066587,0.066587,0.066587,0.066587,0.066587
0.69548,0.67025,0.64963,0.63581,0.62481,0.81507,0.79981,0.80988,0.83595,0.85628,1.1776,1.1808,1.1857,1.1945,24.946,26.218,27.002,20.703,1.7597,1.8067,1.1648,1.1796,1.2123,1.2145,1.1921,1.181,1.1891,1.1993,1.1658,1.1254,0.95952,0.95962,0.98215,1.0165,1.0532,2.014,2.0951,2.1095,2.1219,2.1736,2.2116,2.2223,2.2273,2.2256,2.1915,2.0759,2.0193,1.9565,1.8888,1.8767,1.7761,1.7015,1.6373,1.6206,1.6046,1.3207,1.2968,1.3085,1.3307,1.3885,0.71799,0.63655,0.54583,0.52159,0.49333,0.39692,0.36246,0.35464,0.35918,0.35158,0.33541,0.32314,0.31081,0.29498,0.28368,0.2758,0.27019,0.26009,0.24493,0.22827,0.21242,0.20108,0.18774,0.17165,0.15748,0.14553,0.13699,0.12223,0.095648,0.06857,0.06857,0.06857,0.06857,0.06857,0.06857,0.06857,0.06857,0.06857,0.06857,0.06857,0.06857
0.69572,0.67428,0.65495,0.64161,0.62743,0.81791,0.80264,0.81784,0.83684,0.85955,1.1775,1.1972,1.1942,1.2008,19.022,20.097,20.703,16.079,1.9604,2.034,1.3769,1.4241,1.4826,1.4907,1.4782,1.4011,1.4158,1.4271,1.3976,1.3316,1.18,1.1788,1.1985,1.2416,1.2776,2.2982,2.3837,2.4083,2.4253,2.4819,2.5334,2.5526,2.5576,2.5544,2.5132,2.3768,2.3149,2.2306,2.1599,2.1358,1.9993,1.9118,1.8472,1.8161,1.8057,1.5098,1.4772,1.4824,1.5087,1.5587,0.91119,0.78405,0.66243,0.62337,0.58019,0.49422,0.44042,0.42309,0.41912,0.40409,0.38121,0.36251,0.34433,0.32283,0.30698,0.2963,0.28857,0.27528,0.25774,0.23855,0.22099,0.20855,0.19402,0.17693,0.16169,0.14908,0.14011,0.12466,0.097522,0.069701,0.069701,0.069701,0.069701,0.069701,0.069701,0.069701,0.069701,0.069701,0.069701,0.069701,0.069701
0.69579,0.67179,0.65309,0.64362,0.62766,0.81388,0.80648,0.81664,0.83773,0.86169,1.1751,1.1868,1.1867,1.2039,1.2298,1.7193,1.7597,1.9604,10.526,9.5728,8.1628,6.6603,5.1905,4.5121,4.0395,3.5295,3.3491,3.1703,2.87,2.6841,2.3391,2.343,2.4054,2.4616,2.5614,2.4652,2.58,2.5903,2.6061,2.6719,2.7375,2.7589,2.7668,2.7644,2.7134,2.5444,2.4752,2.4023,2.3204,2.2659,2.0912,1.9969,1.92,1.8863,1.8785,1.5821,1.5566,1.5648,1.58,1.6257,1.052,0.8892,0.74692,0.69687,0.64203,0.59592,0.52299,0.4929,0.48112,0.45793,0.42087,0.39606,0.37195,0.34703,0.3274,0.31306,0.30149,0.28773,0.26803,0.2469,0.22756,0.21391,0.19882,0.18043,0.16475,0.15146,0.14176,0.1261,0.098254,0.070337,0.070337,0.070337,0.070337,0.070337,0.070337,0.070337,0.070337,0.070337,0.070337,0.070337,0.070337
0.71362,0.68456,0.66981,0.65911,0.6471,0.83615,0.82035,0.83868,0.86115,0.87767,1.1968,1.2154,1.2114,1.2305,1.2495,1.752,1.8067,2.034,9.5728,8.7623,7.4329,6.1303,4.8685,4.2734,3.8596,3.3776,3.2181,3.067,2.7947,2.6152,2.3008,2.299,2.3644,2.4169,2.5131,2.5946,2.7064,2.7185,2.7497,2.8076,2.8716,2.9118,2.9058,2.9038,2.8597,2.6783,2.5929,2.5238,2.4365,2.3936,2.1836,2.0932,2.0234,1.9908,1.9656,1.68,1.6405,1.6521,1.6623,1.7069,1.1222,0.94421,0.79303,0.73603,0.67887,0.63005,0.55164,0.51719,0.50453,0.47764,0.44146,0.41389,0.38657,0.36026,0.33926,0.32498,0.31294,0.29772,0.27661,0.25488,0.23417,0.22039,0.20396,0.18512,0.16886,0.1553,0.14554,0.12933,0.10066,0.071935,0.071935,0.071935,0.071935,0.071935,0.071935,0.071935,0.071935,0.071935,0.071935,0.071935,0.071935
2.5001,2.4152,2.3389,2.3327,2.2909,0.59507,0.58719,0.59528,0.60893,0.62523,0.7211,0.73287,0.73096,0.74121,0.77089,1.1354,1.1648,1.3769,8.1628,7.4329,7.6532,6.4396,5.2788,4.7239,4.3154,3.847,3.6991,3.5647,3.2907,3.0997,2.6644,2.6591,2.7314,2.7943,2.9038,1.9641,2.034,2.0553,2.0814,2.113,2.2851,2.3022,2.3194,2.3061,2.272,2.26,2.2043,2.131,2.0623,2.0243,1.8518,1.7703,1.7029,1.6709,1.6543,1.5754,1.5316,1.5462,1.5581,1.5951,1.5912,1.3748,1.1669,1.1019,1.0242,0.64471,0.56521,0.5293,0.51499,0.48992,0.45223,0.4222,0.39568,0.36862,0.34801,0.33129,0.31963,0.30293,0.28187,0.25966,0.23898,0.22431,0.20798,0.18881,0.17191,0.15832,0.14822,0.13184,0.10269,0.073245,0.073245,0.073245,0.073245,0.073245,0.073245,0.073245,0.073245,0.073245,0.073245,0.073245,0.073245
2.526,2.4257,2.3659,2.3441,2.3147,0.60417,0.59542,0.60624,0.61978,0.6353,0.73539,0.74454,0.74051,0.74882,0.78168,1.1502,1.1796,1.4241,6.6603,6.1303,6.4396,5.5573,4.6923,4.2815,3.9727,3.547,3.4408,3.3357,3.1352,2.938,2.5383,2.5478,2.6001,2.6733,2.7737,2.0586,2.1443,2.1629,2.1953,2.2363,2.4055,2.4254,2.4342,2.4263,2.3941,2.3802,2.3165,2.2434,2.1685,2.1205,1.9472,1.8626,1.7905,1.7479,1.7283,1.6495,1.6149,1.6195,1.6312,1.6769,1.6673,1.4303,1.2125,1.1484,1.0663,0.67499,0.58856,0.55135,0.53327,0.50625,0.46761,0.43621,0.40847,0.37862,0.35551,0.33911,0.32612,0.30879,0.2871,0.26432,0.24256,0.22761,0.21068,0.19079,0.17389,0.15986,0.14979,0.13289,0.10359,0.074048,0.074048,0.074048,0.074048,0.074048,0.074048,0.074048,0.074048,0.074048,0.074048,0.074048,0.074048
2.562,2.48,2.4166,2.4001,2.3577,0.62504,0.6121,0.62472,0.63988,0.65652,0.75047,0.76725,0.76463,0.77154,0.80332,1.1756,1.2123,1.4826,5.1905,4.8685,5.2788,4.6923,4.1615,3.8892,3.6609,3.2745,3.1964,3.1578,2.9917,2.8198,2.459,2.4547,2.5139,2.5774,2.6663,2.1994,2.2809,2.301,2.3361,2.3816,2.5577,2.5877,2.5853,2.5724,2.538,2.5179,2.4541,2.3732,2.3056,2.2529,2.0614,1.9741,1.8964,1.8571,1.838,1.7536,1.7059,1.7165,1.723,1.7686,1.7565,1.5058,1.2705,1.2,1.1142,0.71114,0.62164,0.57957,0.55999,0.52915,0.48953,0.45668,0.42545,0.39423,0.36993,0.35068,0.3368,0.31906,0.29546,0.27178,0.2487,0.23369,0.21584,0.19581,0.1779,0.16354,0.15318,0.13606,0.10598,0.075695,0.075695,0.075695,0.075695,0.075695,0.075695,0.075695,0.075695,0.075695,0.075695,0.075695,0.075695
2.5654,2.4671,2.4108,2.4027,2.3565,0.62326,0.61352,0.62596,0.63985,0.65261,0.75633,0.76593,0.76471,0.77701,0.80742,1.1866,1.2145,1.4907,4.5121,4.2734,4.7239,4.2815,3.8892,3.6807,3.4776,3.1256,3.0841,3.0329,2.8993,2.7363,2.3769,2.3793,2.4426,2.5061,2.5934,2.2263,2.3232,2.3265,2.3563,2.4094,2.5858,2.6025,2.6182,2.6051,2.57,2.5542,2.4837,2.3989,2.3218,2.2863,2.0897,1.9885,1.9197,1.8715,1.8498,1.7628,1.7347,1.7307,1.7361,1.7789,1.7873,1.5201,1.279,1.2078,1.1113,0.72049,0.62744,0.58373,0.56385,0.5331,0.49323,0.45908,0.428,0.39591,0.37044,0.35283,0.33804,0.31963,0.29635,0.27197,0.24924,0.23409,0.21593,0.19577,0.17814,0.16356,0.15295,0.13599,0.10572,0.075538,0.075538,0.075538,0.075538,0.075538,0.075538,0.075538,0.075538,0.075538,0.075538,0.075538,0.075538
2.5256,2.4292,2.3838,2.356,2.3224,0.61392,0.60607,0.61827,0.63262,0.64329,0.7411,0.75526,0.75193,0.7623,0.79216,1.1572,1.1921,1.4782,4.0395,3.8596,4.3154,3.9727,3.6609,3.4776,3.3304,2.993,2.9282,2.9233,2.7827,2.6382,2.2961,2.3076,2.3567,2.4166,2.5108,2.2097,2.2946,2.3138,2.3474,2.3883,2.5626,2.5875,2.5894,2.5934,2.5407,2.5319,2.4675,2.3733,2.305,2.2584,2.0663,1.9751,1.8982,1.8566,1.833,1.7491,1.7143,1.7123,1.7254,1.7569,1.76,1.4962,1.2674,1.1975,1.1041,0.71284,0.61947,0.58015,0.55797,0.52758,0.48714,0.45469,0.42273,0.39087,0.36577,0.34791,0.33372,0.31528,0.2922,0.26858,0.24622,0.2303,0.21331,0.19257,0.17514,0.16089,0.15076,0.13375,0.10422,0.074298,0.074298,0.074298,0.074298,0.074298,0.074298,0.074298,0.074298,0.074298,0.074298,0.074298,0.074298
1.7678,1.707,1.6706,1.7372,1.7252,1.7104,1.6887,1.7247,1.7649,1.804,0.73339,0.78996,0.79087,0.80096,0.85398,1.1465,1.181,1.4011,3.5295,3.3776,3.847,3.547,3.2745,3.1256,2.993,3.0548,3.0214,3.0055,2.8665,2.7315,2.3349,2.3374,2.4042,2.4584,2.5501,2.2328,2.328,2.34,2.3701,2.4256,2.434,2.4559,2.4701,2.4556,2.4289,2.2827,2.2141,2.1419,2.0769,2.0312,1.9767,1.888,1.8137,1.7777,1.7474,1.6549,1.6186,1.6177,1.6191,1.6518,1.7326,1.482,1.2619,1.1819,1.094,0.96018,0.84149,0.80201,0.78684,0.74728,0.48854,0.45429,0.42317,0.39166,0.36629,0.34824,0.33494,0.3161,0.29281,0.26951,0.24643,0.23131,0.21358,0.19331,0.17621,0.16176,0.15118,0.13442,0.10459,0.074653,0.074653,0.074653,0.074653,0.074653,0.074653,0.074653,0.074653,0.074653,0.074653,0.074653,0.074653
1.7709,1.6997,1.6583,1.7517,1.7239,1.7146,1.6985,1.724,1.7672,1.8127,0.73734,0.79416,0.79281,0.80447,0.86012,1.1517,1.1891,1.4158,3.3491,3.2181,3.6991,3.4408,3.1964,3.0841,2.9282,3.0214,2.974,2.9649,2.8554,2.7096,2.3148,2.325,2.3753,2.4535,2.5218,2.2424,2.3366,2.3571,2.3788,2.429,2.4449,2.4673,2.4857,2.4759,2.4328,2.287,2.2238,2.1532,2.0857,2.0509,1.9856,1.8917,1.8256,1.7835,1.7665,1.6669,1.6237,1.6247,1.6242,1.6606,1.7495,1.4869,1.2616,1.1854,1.0993,0.96169,0.8532,0.80606,0.78903,0.7514,0.48948,0.45675,0.42567,0.39221,0.36847,0.35033,0.33564,0.31692,0.29319,0.26948,0.24734,0.23156,0.21401,0.19391,0.17635,0.16193,0.15155,0.13443,0.10484,0.074796,0.074796,0.074796,0.074796,0.074796,0.074796,0.074796,0.074796,0.074796,0.074796,0.074796,0.074796
1.783,1.7272,1.6741,1.7765,1.7432,1.7343,1.7153,1.7449,1.7736,1.8239,0.74291,0.79979,0.79963,0.80873,0.868,1.161,1.1993,1.4271,3.1703,3.067,3.5647,3.3357,3.1578,3.0329,2.9233,3.0055,2.9649,2.9738,2.8449,2.7013,2.3198,2.3327,2.3761,2.4406,2.5224,2.2816,2.3583,2.3935,2.4213,2.4725,2.4893,2.5074,2.5181,2.5049,2.4714,2.3234,2.2579,2.1853,2.1161,2.0692,2.0143,1.9192,1.8507,1.8049,1.7815,1.6814,1.641,1.6401,1.6526,1.6828,1.7742,1.509,1.2847,1.1976,1.115,0.971,0.86041,0.81687,0.79539,0.75976,0.49538,0.46196,0.43073,0.39761,0.37254,0.3538,0.33871,0.32048,0.29663,0.27292,0.24965,0.23397,0.21608,0.19584,0.17824,0.16365,0.15318,0.13617,0.10595,0.07557,0.07557,0.07557,0.07557,0.07557,0.07557,0.07557,0.07557,0.07557,0.07557,0.07557,0.07557
1.7408,1.6729,1.6363,1.7262,1.6994,1.6883,1.6548,1.6878,1.7352,1.7715,0.7242,0.78824,0.78534,0.79594,0.8473,1.1312,1.1658,1.3976,2.87,2.7947,3.2907,3.1352,2.9917,2.8993,2.7827,2.8665,2.8554,2.8449,2.733,2.5956,2.2331,2.2377,2.2936,2.3469,2.4429,2.2197,2.307,2.3362,2.3544,2.4094,2.4251,2.4516,2.4594,2.4377,2.4097,2.2677,2.2002,2.1286,2.0575,2.0201,1.9542,1.8749,1.8005,1.7613,1.7337,1.6393,1.6017,1.5893,1.6039,1.6342,1.723,1.4775,1.247,1.1712,1.0832,0.95498,0.83643,0.79227,0.78071,0.73958,0.48325,0.4496,0.41731,0.38723,0.36143,0.3439,0.32993,0.31268,0.28881,0.26585,0.2433,0.22817,0.21053,0.19065,0.1733,0.15936,0.14871,0.13224,0.10283,0.073457,0.073457,0.073457,0.073457,0.073457,0.073457,0.073457,0.073457,0.073457,0.073457,0.073457,0.073457
1.6725,1.5951,1.5628,1.6533,1.6241,1.6115,1.6019,1.624,1.6567,1.7,0.6941,0.75373,0.75264,0.76469,0.8134,1.0916,1.1254,1.3316,2.6841,2.6152,3.0997,2.938,2.8198,2.7363,2.6382,2.7315,2.7096,2.7013,2.5956,2.4628,2.1307,2.1339,2.1802,2.2357,2.3179,2.1287,2.2083,2.2325,2.2576,2.3005,2.3148,2.3308,2.3437,2.3375,2.3046,2.1619,2.1038,2.0333,1.9725,1.9267,1.8787,1.7917,1.7204,1.6799,1.6633,1.5694,1.5243,1.5265,1.532,1.569,1.6491,1.4077,1.1897,1.1141,1.0309,0.90355,0.80418,0.75915,0.73937,0.71182,0.46213,0.43077,0.40096,0.37028,0.34638,0.32905,0.31569,0.29854,0.2771,0.25369,0.23289,0.21769,0.2016,0.18227,0.16591,0.15244,0.14247,0.12648,0.0985,0.070268,0.070268,0.070268,0.070268,0.070268,0.070268,0.070268,0.070268,0.070268,0.070268,0.070268,0.070268
1.4834,1.4346,1.3958,1.4531,1.4344,1.5033,1.4789,1.4954,1.5316,1.5675,1.6086,1.6939,1.6884,1.7338,1.795,0.932,0.95952,1.18,2.3391,2.3008,2.6644,2.5383,2.459,2.3769,2.2961,2.3349,2.3148,2.3198,2.2331,2.1307,1.9954,1.9924,2.0267,2.0903,2.1637,2.0492,2.138,2.1484,2.1715,2.2205,2.2141,2.244,2.2407,2.2417,2.2068,2.1996,2.1389,2.074,2.0131,1.9583,1.7615,1.6782,1.6155,1.5774,1.5569,1.4887,1.4452,1.4438,1.4584,1.4809,1.4966,1.2698,1.0709,0.99792,0.92201,0.87442,0.7677,0.72193,0.71021,0.67079,0.58676,0.55435,0.51809,0.48311,0.45357,0.32186,0.30808,0.29141,0.27057,0.24808,0.22711,0.21256,0.19689,0.17838,0.16218,0.14863,0.13942,0.12393,0.096285,0.068666,0.068666,0.068666,0.068666,0.068666,0.068666,0.068666,0.068666,0.068666,0.068666,0.068666,0.068666
1.4988,1.4419,1.3961,1.4622,1.4409,1.4998,1.4748,1.4963,1.535,1.5748,1.6273,1.7063,1.6999,1.7265,1.8038,0.93245,0.95962,1.1788,2.343,2.299,2.6591,2.5478,2.4547,2.3793,2.3076,2.3374,2.325,2.3327,2.2377,2.1339,1.9924,1.9995,2.0381,2.0879,2.1615,2.0574,2.1352,2.1509,2.1742,2.2234,2.2114,2.2422,2.2484,2.2394,2.2045,2.2044,2.1399,2.0728,2.0029,1.9648,1.7595,1.6824,1.6163,1.5765,1.5634,1.4895,1.4499,1.4436,1.4535,1.4884,1.4934,1.2628,1.0671,0.99679,0.92472,0.87223,0.7705,0.72638,0.70629,0.67748,0.59247,0.55535,0.5242,0.48172,0.46027,0.3231,0.31055,0.29266,0.27092,0.24937,0.22841,0.2137,0.19767,0.17895,0.16267,0.14956,0.13994,0.12392,0.096663,0.068861,0.068861,0.068861,0.068861,0.068861,0.068861,0.068861,0.068861,0.068861,0.068861,0.068861,0.068861
1.5262,1.4779,1.4365,1.4904,1.4658,1.5534,1.5154,1.5441,1.5802,1.6213,1.6698,1.7569,1.7511,1.7679,1.8515,0.95608,0.98215,1.1985,2.4054,2.3644,2.7314,2.6001,2.5139,2.4426,2.3567,2.4042,2.3753,2.3761,2.2936,2.1802,2.0267,2.0381,2.0854,2.1316,2.2164,2.0949,2.1781,2.1881,2.2221,2.2651,2.2711,2.2963,2.296,2.2913,2.2565,2.2444,2.1861,2.1122,2.05,2.0058,1.8018,1.7156,1.6559,1.6109,1.5981,1.5206,1.4762,1.4709,1.4868,1.5103,1.5274,1.2898,1.0877,1.0214,0.94681,0.89493,0.78885,0.74746,0.73106,0.69385,0.60677,0.56833,0.5327,0.49373,0.46618,0.33097,0.31733,0.30012,0.27731,0.25509,0.23375,0.21901,0.2027,0.18359,0.16679,0.15339,0.14328,0.12718,0.09908,0.070754,0.070754,0.070754,0.070754,0.070754,0.070754,0.070754,0.070754,0.070754,0.070754,0.070754,0.070754
1.5582,1.5158,1.4775,1.5383,1.5231,1.5729,1.5542,1.586,1.6241,1.6628,1.7105,1.7876,1.7927,1.8108,1.9139,0.98749,1.0165,1.2416,2.4616,2.4169,2.7943,2.6733,2.5774,2.5061,2.4166,2.4584,2.4535,2.4406,2.3469,2.2357,2.0903,2.0879,2.1316,2.1872,2.2842,2.15,2.239,2.2592,2.2724,2.3288,2.3289,2.3529,2.359,2.3483,2.3186,2.3084,2.2449,2.1703,2.1068,2.0585,1.8457,1.7628,1.6958,1.6554,1.6459,1.5698,1.5142,1.5134,1.5319,1.5564,1.5696,1.3298,1.1203,1.051,0.97,0.915,0.80811,0.76886,0.75037,0.71207,0.62136,0.58257,0.55138,0.50925,0.48179,0.33953,0.32619,0.3082,0.28556,0.26205,0.24033,0.22539,0.2083,0.18846,0.17134,0.15755,0.1472,0.13085,0.10184,0.072607,0.072607,0.072607,0.072607,0.072607,0.072607,0.072607,0.072607,0.072607,0.072607,0.072607,0.072607
1.6216,1.5738,1.5286,1.585,1.5691,1.6391,1.5982,1.6382,1.6757,1.7185,1.7794,1.8629,1.8664,1.8922,1.9782,1.0253,1.0532,1.2776,2.5614,2.5131,2.9038,2.7737,2.6663,2.5934,2.5108,2.5501,2.5218,2.5224,2.4429,2.3179,2.1637,2.1615,2.2164,2.2842,2.359,2.2245,2.3058,2.3419,2.3609,2.4204,2.4136,2.4377,2.4467,2.4351,2.3999,2.3838,2.3295,2.2467,2.1806,2.1323,1.916,1.8308,1.758,1.7233,1.6945,1.6126,1.5816,1.571,1.577,1.6115,1.6282,1.3784,1.1605,1.0906,1.0064,0.94836,0.83578,0.79503,0.7731,0.74524,0.64666,0.60179,0.56444,0.52773,0.49671,0.35213,0.3385,0.31945,0.2963,0.27204,0.24966,0.23345,0.21575,0.1954,0.17779,0.1635,0.15281,0.13556,0.10569,0.075162,0.075162,0.075162,0.075162,0.075162,0.075162,0.075162,0.075162,0.075162,0.075162,0.075162,0.075162
1.6695,1.5955,1.5591,1.5842,1.5649,1.5263,1.5107,1.5385,1.5713,1.6078,1.6997,1.7928,1.7912,1.8139,1.9363,1.9534,2.014,2.2982,2.4652,2.5946,1.9641,2.0586,2.1994,2.2263,2.2097,2.2328,2.2424,2.2816,2.2197,2.1287,2.0492,2.0574,2.0949,2.15,2.2245,2.4187,2.5185,2.538,2.5706,2.6205,2.621,2.634,2.6493,2.6475,2.5958,2.5277,2.4462,2.368,2.2919,2.2457,2.194,2.0831,2.0035,1.9614,1.9433,1.68,1.6328,1.6315,1.6297,1.6655,1.6886,1.4167,1.1935,1.1073,1.0199,0.93939,0.82008,0.76802,0.74652,0.71052,0.67346,0.63033,0.58969,0.54682,0.51663,0.45632,0.43788,0.41977,0.38458,0.35652,0.26319,0.24644,0.22777,0.20599,0.18722,0.17169,0.16076,0.14237,0.11113,0.079239,0.079239,0.079239,0.079239,0.079239,0.079239,0.079239,0.079239,0.079239,0.079239,0.079239,0.079239
1.7122,1.6565,1.6121,1.6527,1.6237,1.5862,1.5515,1.5875,1.6204,1.6655,1.7678,1.8547,1.8616,1.8829,2.0121,2.0243,2.0951,2.3837,2.58,2.7064,2.034,2.1443,2.2809,2.3232,2.2946,2.328,2.3366,2.3583,2.307,2.2083,2.138,2.1352,2.1781,2.239,2.3058,2.5185,2.6047,2.6444,2.6725,2.7173,2.7224,2.7453,2.7575,2.7493,2.7112,2.6216,2.5393,2.4662,2.3836,2.3398,2.2798,2.1776,2.0939,2.0445,2.0139,1.747,1.6964,1.6975,1.6975,1.7304,1.7511,1.472,1.2444,1.1535,1.067,0.97397,0.84402,0.80288,0.77398,0.74013,0.70107,0.6527,0.61406,0.57165,0.53084,0.47435,0.45621,0.43619,0.40591,0.36897,0.27318,0.25594,0.23647,0.21367,0.19417,0.17805,0.16679,0.14799,0.1152,0.082248,0.082248,0.082248,0.082248,0.082248,0.082248,0.082248,0.082248,0.082248,0.082248,0.082248,0.082248
1.7367,1.6769,1.6234,1.6717,1.6351,1.5909,1.5843,1.6059,1.6372,1.6776,1.7846,1.8681,1.8678,1.8952,2.0234,2.0508,2.1095,2.4083,2.5903,2.7185,2.0553,2.1629,2.301,2.3265,2.3138,2.34,2.3571,2.3935,2.3362,2.2325,2.1484,2.1509,2.1881,2.2592,2.3419,2.538,2.6444,2.6625,2.6864,2.7573,2.7486,2.7749,2.7822,2.7726,2.7303,2.6384,2.5703,2.4845,2.404,2.3538,2.3043,2.1903,2.1034,2.0588,2.0311,1.7603,1.7175,1.7094,1.714,1.7383,1.7701,1.4873,1.2521,1.1612,1.0718,0.97918,0.85942,0.81058,0.78947,0.7459,0.70261,0.66634,0.62179,0.57159,0.54072,0.48171,0.46415,0.43466,0.40666,0.37231,0.27558,0.25814,0.23863,0.21538,0.19572,0.18009,0.16836,0.14918,0.11631,0.082809,0.082809,0.082809,0.082809,0.082809,0.082809,0.082809,0.082809,0.082809,0.082809,0.082809,0.082809
1.7593,1.6944,1.6477,1.6856,1.6537,1.613,1.5839,1.6148,1.6591,1.6909,1.7998,1.8892,1.8889,1.9132,2.0375,2.0562,2.1219,2.4253,2.6061,2.7497,2.0814,2.1953,2.3361,2.3563,2.3474,2.3701,2.3788,2.4213,2.3544,2.2576,2.1715,2.1742,2.2221,2.2724,2.3609,2.5706,2.6725,2.6864,2.7051,2.7735,2.7721,2.798,2.8101,2.7975,2.75,2.6731,2.5982,2.5101,2.4331,2.3805,2.3255,2.2168,2.1319,2.0875,2.0523,1.779,1.7371,1.7248,1.7317,1.7606,1.7906,1.5028,1.2653,1.1746,1.0838,0.98866,0.86808,0.8148,0.79192,0.75121,0.71468,0.6673,0.62746,0.58068,0.54498,0.48685,0.46713,0.441,0.40834,0.37827,0.27842,0.26044,0.24065,0.21761,0.19767,0.18149,0.16983,0.15067,0.11746,0.083675,0.083675,0.083675,0.083675,0.083675,0.083675,0.083675,0.083675,0.083675,0.083675,0.083675,0.083675
1.7894,1.7345,1.6703,1.7187,1.6843,1.6467,1.624,1.6521,1.6857,1.7355,1.8361,1.926,1.926,1.9487,2.0854,2.1149,2.1736,2.4819,2.6719,2.8076,2.113,2.2363,2.3816,2.4094,2.3883,2.4256,2.429,2.4725,2.4094,2.3005,2.2205,2.2234,2.2651,2.3288,2.4204,2.6205,2.7173,2.7573,2.7735,2.8481,2.8272,2.8715,2.8783,2.861,2.8203,2.7413,2.6662,2.5652,2.4878,2.4342,2.3758,2.2614,2.1689,2.1258,2.0982,1.8148,1.7742,1.7615,1.7696,1.7984,1.8222,1.5328,1.2887,1.2015,1.1057,1.0087,0.8836,0.83214,0.80856,0.76828,0.724,0.67759,0.63494,0.59272,0.55569,0.49176,0.47584,0.45029,0.4215,0.38476,0.28362,0.26593,0.24557,0.2222,0.20162,0.18536,0.17311,0.15356,0.11972,0.085423,0.085423,0.085423,0.085423,0.085423,0.085423,0.085423,0.085423,0.085423,0.085423,0.085423,0.085423
1.3405,1.2903,1.2514,1.2978,1.2711,1.6256,1.5994,1.6248,1.6666,1.703,1.7549,1.8284,1.8326,1.8508,1.9853,2.1435,2.2116,2.5334,2.7375,2.8716,2.2851,2.4055,2.5577,2.5858,2.5626,2.434,2.4449,2.4893,2.4251,2.3148,2.2141,2.2114,2.2711,2.3289,2.4136,2.621,2.7224,2.7486,2.7721,2.8272,2.9173,2.9409,2.9595,2.9499,2.8961,2.7963,2.7202,2.6358,2.5548,2.4982,2.4163,2.3059,2.2042,2.1603,2.1401,2.093,2.0435,2.0275,2.0376,2.0838,1.8198,1.5288,1.2855,1.1954,1.1049,1.0176,0.8935,0.83451,0.81185,0.77308,0.69485,0.65081,0.60817,0.56031,0.53132,0.51088,0.49098,0.46609,0.43338,0.39864,0.35546,0.33392,0.30585,0.27883,0.25479,0.18637,0.17426,0.15461,0.12037,0.085833,0.085833,0.085833,0.085833,0.085833,0.085833,0.085833,0.085833,0.085833,0.085833,0.085833,0.085833
1.342,1.3006,1.273,1.3081,1.2941,1.6331,1.6102,1.6367,1.6883,1.7189,1.7645,1.8476,1.8478,1.8672,2.0007,2.1653,2.2223,2.5526,2.7589,2.9118,2.3022,2.4254,2.5877,2.6025,2.5875,2.4559,2.4673,2.5074,2.4516,2.3308,2.244,2.2422,2.2963,2.3529,2.4377,2.634,2.7453,2.7749,2.798,2.8715,2.9409,2.9773,2.9844,2.9765,2.923,2.8368,2.7487,2.6572,2.5721,2.5152,2.4367,2.3279,2.2327,2.1871,2.1631,2.114,2.0522,2.0481,2.0628,2.1166,1.8361,1.5482,1.3037,1.2082,1.1058,1.0277,0.90004,0.8472,0.8179,0.77555,0.70593,0.65851,0.617,0.57137,0.5364,0.51768,0.49759,0.47082,0.44017,0.40357,0.35851,0.33267,0.31099,0.28109,0.25861,0.18828,0.17615,0.15598,0.12134,0.086544,0.086544,0.086544,0.086544,0.086544,0.086544,0.086544,0.086544,0.086544,0.086544,0.086544,0.086544
1.3541,1.2975,1.2784,1.3066,1.2895,1.6496,1.6252,1.6481,1.6881,1.7296,1.7803,1.8552,1.858,1.8778,2.0137,2.1578,2.2273,2.5576,2.7668,2.9058,2.3194,2.4342,2.5853,2.6182,2.5894,2.4701,2.4857,2.5181,2.4594,2.3437,2.2407,2.2484,2.296,2.359,2.4467,2.6493,2.7575,2.7822,2.8101,2.8783,2.9595,2.9844,2.9886,2.9881,2.9351,2.8402,2.7579,2.6675,2.5839,2.5336,2.4429,2.3267,2.2406,2.1835,2.1654,2.1123,2.0595,2.069,2.0579,2.1129,1.8452,1.5462,1.3051,1.2097,1.1153,1.0262,0.90436,0.85196,0.82651,0.78391,0.70374,0.65941,0.61779,0.57299,0.53407,0.51694,0.49897,0.47218,0.43804,0.40322,0.36174,0.33581,0.31148,0.28487,0.256,0.18827,0.17642,0.15619,0.12167,0.086798,0.086798,0.086798,0.086798,0.086798,0.086798,0.086798,0.086798,0.086798,0.086798,0.086798,0.086798
1.3422,1.3022,1.2687,1.3057,1.2782,1.6329,1.6153,1.6376,1.6738,1.7186,1.774,1.8584,1.8423,1.8673,2.007,2.158,2.2256,2.5544,2.7644,2.9038,2.3061,2.4263,2.5724,2.6051,2.5934,2.4556,2.4759,2.5049,2.4377,2.3375,2.2417,2.2394,2.2913,2.3483,2.4351,2.6475,2.7493,2.7726,2.7975,2.861,2.9499,2.9765,2.9881,2.9756,2.9351,2.8326,2.7523,2.658,2.5788,2.5175,2.4246,2.3213,2.2336,2.1806,2.1486,2.1087,2.057,2.0443,2.0616,2.104,1.8381,1.5444,1.2976,1.2061,1.1147,1.0237,0.89831,0.84212,0.82361,0.7796,0.70172,0.65363,0.61546,0.56633,0.53638,0.51713,0.49724,0.47157,0.43733,0.40416,0.35802,0.33477,0.30916,0.27982,0.25638,0.18753,0.1757,0.15578,0.12123,0.086355,0.086355,0.086355,0.086355,0.086355,0.086355,0.086355,0.086355,0.086355,0.086355,0.086355,0.086355
1.3307,1.2825,1.2481,1.2885,1.2574,1.6113,1.5925,1.6177,1.6526,1.6925,1.7429,1.8185,1.8147,1.8426,1.9781,2.1331,2.1915,2.5132,2.7134,2.8597,2.272,2.3941,2.538,2.57,2.5407,2.4289,2.4328,2.4714,2.4097,2.3046,2.2068,2.2045,2.2565,2.3186,2.3999,2.5958,2.7112,2.7303,2.75,2.8203,2.8961,2.923,2.9351,2.9351,2.8844,2.7831,2.7106,2.6273,2.5387,2.4772,2.3983,2.2799,2.1926,2.1631,2.1224,2.0769,2.0251,2.0212,2.0308,2.0813,1.806,1.5262,1.2809,1.1943,1.0925,1.0101,0.88437,0.82684,0.80546,0.76603,0.69463,0.64922,0.60546,0.56136,0.52495,0.50552,0.4877,0.4658,0.43004,0.39613,0.35053,0.33022,0.30544,0.27298,0.25008,0.18504,0.17287,0.15352,0.11937,0.085117,0.085117,0.085117,0.085117,0.085117,0.085117,0.085117,0.085117,0.085117,0.085117,0.085117,0.085117
0.60931,0.58746,0.57227,0.61879,0.61242,1.3363,1.3165,1.3425,1.3578,1.3914,1.6867,1.7667,1.782,1.8018,1.9592,2.0246,2.0759,2.3768,2.5444,2.6783,2.26,2.3802,2.5179,2.5542,2.5319,2.2827,2.287,2.3234,2.2677,2.1619,2.1996,2.2044,2.2444,2.3084,2.3838,2.5277,2.6216,2.6384,2.6731,2.7413,2.7963,2.8368,2.8402,2.8326,2.7831,2.7995,2.719,2.6424,2.5491,2.4968,2.4685,2.3571,2.2649,2.2182,2.199,2.1681,2.1197,2.1274,2.1378,2.1927,2.2799,1.9452,1.6603,1.5532,1.4496,1.0023,0.88166,0.82836,0.80369,0.76257,0.69094,0.64475,0.60554,0.56102,0.52825,0.48824,0.46583,0.44503,0.41585,0.38175,0.36443,0.34068,0.31722,0.28709,0.26153,0.23487,0.21967,0.19518,0.14929,0.10755,0.10755,0.10755,0.10755,0.10755,0.10755,0.10755,0.10755,0.10755,0.10755,0.10755,0.10755
0.59277,0.57163,0.55693,0.60681,0.60289,1.2893,1.2735,1.2933,1.3323,1.362,1.6195,1.7373,1.7355,1.7539,1.9024,1.9649,2.0193,2.3149,2.4752,2.5929,2.2043,2.3165,2.4541,2.4837,2.4675,2.2141,2.2238,2.2579,2.2002,2.1038,2.1389,2.1399,2.1861,2.2449,2.3295,2.4462,2.5393,2.5703,2.5982,2.6662,2.7202,2.7487,2.7579,2.7523,2.7106,2.719,2.6351,2.5635,2.4753,2.4329,2.4025,2.2928,2.2002,2.1525,2.1228,2.1022,2.0641,2.0656,2.081,2.1208,2.216,1.8992,1.604,1.5193,1.4102,0.97183,0.85411,0.80568,0.78388,0.74606,0.67283,0.62984,0.59113,0.54721,0.51087,0.47646,0.45767,0.43521,0.40124,0.37172,0.35478,0.33432,0.30901,0.27896,0.25501,0.22759,0.21367,0.19039,0.14757,0.10445,0.10445,0.10445,0.10445,0.10445,0.10445,0.10445,0.10445,0.10445,0.10445,0.10445,0.10445
0.57438,0.5542,0.53968,0.59015,0.58502,1.2544,1.2351,1.2592,1.2861,1.3208,1.5911,1.6789,1.6653,1.6979,1.8326,1.8903,1.9565,2.2306,2.4023,2.5238,2.131,2.2434,2.3732,2.3989,2.3733,2.1419,2.1532,2.1853,2.1286,2.0333,2.074,2.0728,2.1122,2.1703,2.2467,2.368,2.4662,2.4845,2.5101,2.5652,2.6358,2.6572,2.6675,2.658,2.6273,2.6424,2.5635,2.4689,2.396,2.3514,2.3184,2.2209,2.1295,2.0787,2.0679,2.0455,1.9905,1.9899,2.0059,2.0579,2.1344,1.8295,1.5588,1.472,1.3724,0.94551,0.82748,0.77469,0.75404,0.72719,0.65111,0.61587,0.56644,0.53105,0.50198,0.46014,0.4425,0.42116,0.3893,0.36103,0.34593,0.3212,0.2968,0.26928,0.24487,0.21908,0.20644,0.18373,0.13971,0.10258,0.10258,0.10258,0.10258,0.10258,0.10258,0.10258,0.10258,0.10258,0.10258,0.10258,0.10258
0.55733,0.53737,0.52344,0.57206,0.56774,1.2162,1.1959,1.2258,1.2481,1.28,1.5316,1.6258,1.6163,1.6501,1.7776,1.8346,1.8888,2.1599,2.3204,2.4365,2.0623,2.1685,2.3056,2.3218,2.305,2.0769,2.0857,2.1161,2.0575,1.9725,2.0131,2.0029,2.05,2.1068,2.1806,2.2919,2.3836,2.404,2.4331,2.4878,2.5548,2.5721,2.5839,2.5788,2.5387,2.5491,2.4753,2.396,2.3218,2.2659,2.254,2.1497,2.0632,2.0125,1.9936,1.9715,1.9308,1.9328,1.9439,1.9968,2.0633,1.7784,1.5164,1.4241,1.3291,0.91382,0.802,0.7508,0.72927,0.69938,0.62804,0.5925,0.55285,0.51192,0.48385,0.44634,0.43193,0.40389,0.3803,0.34373,0.32911,0.31153,0.28745,0.26026,0.23635,0.21336,0.20108,0.17731,0.13963,0.09986,0.09986,0.09986,0.09986,0.09986,0.09986,0.09986,0.09986,0.09986,0.09986,0.09986,0.09986
0.54773,0.52833,0.51452,0.55895,0.55293,1.1896,1.173,1.1981,1.2284,1.2537,1.5049,1.6007,1.6019,1.6109,1.7542,1.8045,1.8767,2.1358,2.2659,2.3936,2.0243,2.1205,2.2529,2.2863,2.2584,2.0312,2.0509,2.0692,2.0201,1.9267,1.9583,1.9648,2.0058,2.0585,2.1323,2.2457,2.3398,2.3538,2.3805,2.4342,2.4982,2.5152,2.5336,2.5175,2.4772,2.4968,2.4329,2.3514,2.2659,2.2285,2.2143,2.1036,2.0276,1.9727,1.9536,1.9372,1.8857,1.8975,1.905,1.9489,2.0401,1.7467,1.4735,1.388,1.3034,0.89567,0.78479,0.73846,0.71994,0.69042,0.61945,0.57814,0.54289,0.50094,0.47561,0.43594,0.4202,0.4029,0.36978,0.34199,0.32753,0.30807,0.28311,0.25744,0.23299,0.21212,0.19534,0.17635,0.13624,0.097373,0.097373,0.097373,0.097373,0.097373,0.097373,0.097373,0.097373,0.097373,0.097373,0.097373,0.097373
0.53503,0.51603,0.50254,0.58289,0.58297,0.60254,0.59361,0.60399,0.61831,0.63301,1.2222,1.3081,1.3041,1.3273,1.452,1.7308,1.7761,1.9993,2.0912,2.1836,1.8518,1.9472,2.0614,2.0897,2.0663,1.9767,1.9856,2.0143,1.9542,1.8787,1.7615,1.7595,1.8018,1.8457,1.916,2.194,2.2798,2.3043,2.3255,2.3758,2.4163,2.4367,2.4429,2.4246,2.3983,2.4685,2.4025,2.3184,2.254,2.2143,2.3013,2.1942,2.0942,2.0552,2.0319,2.0764,2.03,2.0293,2.0584,2.1113,2.2242,1.9173,1.6321,1.5649,1.467,1.3602,1.2318,1.1631,1.1545,1.1159,0.62998,0.59111,0.55298,0.51949,0.4842,0.43424,0.4214,0.40077,0.37594,0.33962,0.30545,0.28526,0.26602,0.24119,0.22126,0.2101,0.19615,0.17477,0.13622,0.097127,0.097127,0.097127,0.097127,0.097127,0.097127,0.097127,0.097127,0.097127,0.097127,0.097127,0.097127
0.51482,0.49668,0.48357,0.5599,0.55944,0.57682,0.56846,0.57842,0.5916,0.60579,1.1681,1.2526,1.2524,1.2648,1.3893,1.655,1.7015,1.9118,1.9969,2.0932,1.7703,1.8626,1.9741,1.9885,1.9751,1.888,1.8917,1.9192,1.8749,1.7917,1.6782,1.6824,1.7156,1.7628,1.8308,2.0831,2.1776,2.1903,2.2168,2.2614,2.3059,2.3279,2.3267,2.3213,2.2799,2.3571,2.2928,2.2209,2.1497,2.1036,2.1942,2.0953,2.0144,1.9659,1.9541,1.9876,1.9419,1.9567,1.9747,2.0208,2.1357,1.8492,1.5861,1.4871,1.4006,1.3199,1.1663,1.1187,1.1082,1.0668,0.60264,0.56619,0.53549,0.49683,0.46372,0.42051,0.4069,0.38735,0.35751,0.3264,0.29432,0.27872,0.25785,0.22978,0.21218,0.20178,0.18948,0.16466,0.12884,0.091306,0.091306,0.091306,0.091306,0.091306,0.091306,0.091306,0.091306,0.091306,0.091306,0.091306,0.091306
